[cata@neil pscfft]$ ./pretty-print 5 6
01234 12340 23401 34012 40123    12340 23401 34012 40123 01234    23401 34012 40123 01234 12340    34012 40123 01234 12340 23401    40123 01234 12340 23401 34012
12340 23401 34012 40123 01234    23401 34012 40123 01234 12340    34012 40123 01234 12340 23401    40123 01234 12340 23401 34012    01234 12340 23401 34012 40123
23401 34012 40123 01234 12340    34012 40123 01234 12340 23401    40123 01234 12340 23401 34012    01234 12340 23401 34012 40123    12340 23401 34012 40123 01234
34012 40123 01234 12340 23401    40123 01234 12340 23401 34012    01234 12340 23401 34012 40123    12340 23401 34012 40123 01234    23401 34012 40123 01234 12340
40123 01234 12340 23401 34012    01234 12340 23401 34012 40123    12340 23401 34012 40123 01234    23401 34012 40123 01234 12340    34012 40123 01234 12340 23401

12340 23401 34012 40123 01234    23401 34012 40123 01234 12340    34012 40123 01234 12340 23401    40123 01234 12340 23401 34012    01234 12340 23401 34012 40123
23401 34012 40123 01234 12340    34012 40123 01234 12340 23401    40123 01234 12340 23401 34012    01234 12340 23401 34012 40123    12340 23401 34012 40123 01234
34012 40123 01234 12340 23401    40123 01234 12340 23401 34012    01234 12340 23401 34012 40123    12340 23401 34012 40123 01234    23401 34012 40123 01234 12340
40123 01234 12340 23401 34012    01234 12340 23401 34012 40123    12340 23401 34012 40123 01234    23401 34012 40123 01234 12340    34012 40123 01234 12340 23401
01234 12340 23401 34012 40123    12340 23401 34012 40123 01234    23401 34012 40123 01234 12340    34012 40123 01234 12340 23401    40123 01234 12340 23401 34012

23401 34012 40123 01234 12340    34012 40123 01234 12340 23401    40123 01234 12340 23401 34012    01234 12340 23401 34012 40123    12340 23401 34012 40123 01234
34012 40123 01234 12340 23401    40123 01234 12340 23401 34012    01234 12340 23401 34012 40123    12340 23401 34012 40123 01234    23401 34012 40123 01234 12340
40123 01234 12340 23401 34012    01234 12340 23401 34012 40123    12340 23401 34012 40123 01234    23401 34012 40123 01234 12340    34012 40123 01234 12340 23401
01234 12340 23401 34012 40123    12340 23401 34012 40123 01234    23401 34012 40123 01234 12340    34012 40123 01234 12340 23401    40123 01234 12340 23401 34012
12340 23401 34012 40123 01234    23401 34012 40123 01234 12340    34012 40123 01234 12340 23401    40123 01234 12340 23401 34012    01234 12340 23401 34012 40123

34012 40123 01234 12340 23401    40123 01234 12340 23401 34012    01234 12340 23401 34012 40123    12340 23401 34012 40123 01234    23401 34012 40123 01234 12340
40123 01234 12340 23401 34012    01234 12340 23401 34012 40123    12340 23401 34012 40123 01234    23401 34012 40123 01234 12340    34012 40123 01234 12340 23401
01234 12340 23401 34012 40123    12340 23401 34012 40123 01234    23401 34012 40123 01234 12340    34012 40123 01234 12340 23401    40123 01234 12340 23401 34012
12340 23401 34012 40123 01234    23401 34012 40123 01234 12340    34012 40123 01234 12340 23401    40123 01234 12340 23401 34012    01234 12340 23401 34012 40123
23401 34012 40123 01234 12340    34012 40123 01234 12340 23401    40123 01234 12340 23401 34012    01234 12340 23401 34012 40123    12340 23401 34012 40123 01234

40123 01234 12340 23401 34012    01234 12340 23401 34012 40123    12340 23401 34012 40123 01234    23401 34012 40123 01234 12340    34012 40123 01234 12340 23401
01234 12340 23401 34012 40123    12340 23401 34012 40123 01234    23401 34012 40123 01234 12340    34012 40123 01234 12340 23401    40123 01234 12340 23401 34012
12340 23401 34012 40123 01234    23401 34012 40123 01234 12340    34012 40123 01234 12340 23401    40123 01234 12340 23401 34012    01234 12340 23401 34012 40123
23401 34012 40123 01234 12340    34012 40123 01234 12340 23401    40123 01234 12340 23401 34012    01234 12340 23401 34012 40123    12340 23401 34012 40123 01234
34012 40123 01234 12340 23401    40123 01234 12340 23401 34012    01234 12340 23401 34012 40123    12340 23401 34012 40123 01234    23401 34012 40123 01234 12340


12340 23401 34012 40123 01234    23401 34012 40123 01234 12340    34012 40123 01234 12340 23401    40123 01234 12340 23401 34012    01234 12340 23401 34012 40123
23401 34012 40123 01234 12340    34012 40123 01234 12340 23401    40123 01234 12340 23401 34012    01234 12340 23401 34012 40123    12340 23401 34012 40123 01234
34012 40123 01234 12340 23401    40123 01234 12340 23401 34012    01234 12340 23401 34012 40123    12340 23401 34012 40123 01234    23401 34012 40123 01234 12340
40123 01234 12340 23401 34012    01234 12340 23401 34012 40123    12340 23401 34012 40123 01234    23401 34012 40123 01234 12340    34012 40123 01234 12340 23401
01234 12340 23401 34012 40123    12340 23401 34012 40123 01234    23401 34012 40123 01234 12340    34012 40123 01234 12340 23401    40123 01234 12340 23401 34012

23401 34012 40123 01234 12340    34012 40123 01234 12340 23401    40123 01234 12340 23401 34012    01234 12340 23401 34012 40123    12340 23401 34012 40123 01234
34012 40123 01234 12340 23401    40123 01234 12340 23401 34012    01234 12340 23401 34012 40123    12340 23401 34012 40123 01234    23401 34012 40123 01234 12340
40123 01234 12340 23401 34012    01234 12340 23401 34012 40123    12340 23401 34012 40123 01234    23401 34012 40123 01234 12340    34012 40123 01234 12340 23401
01234 12340 23401 34012 40123    12340 23401 34012 40123 01234    23401 34012 40123 01234 12340    34012 40123 01234 12340 23401    40123 01234 12340 23401 34012
12340 23401 34012 40123 01234    23401 34012 40123 01234 12340    34012 40123 01234 12340 23401    40123 01234 12340 23401 34012    01234 12340 23401 34012 40123

34012 40123 01234 12340 23401    40123 01234 12340 23401 34012    01234 12340 23401 34012 40123    12340 23401 34012 40123 01234    23401 34012 40123 01234 12340
40123 01234 12340 23401 34012    01234 12340 23401 34012 40123    12340 23401 34012 40123 01234    23401 34012 40123 01234 12340    34012 40123 01234 12340 23401
01234 12340 23401 34012 40123    12340 23401 34012 40123 01234    23401 34012 40123 01234 12340    34012 40123 01234 12340 23401    40123 01234 12340 23401 34012
12340 23401 34012 40123 01234    23401 34012 40123 01234 12340    34012 40123 01234 12340 23401    40123 01234 12340 23401 34012    01234 12340 23401 34012 40123
23401 34012 40123 01234 12340    34012 40123 01234 12340 23401    40123 01234 12340 23401 34012    01234 12340 23401 34012 40123    12340 23401 34012 40123 01234

40123 01234 12340 23401 34012    01234 12340 23401 34012 40123    12340 23401 34012 40123 01234    23401 34012 40123 01234 12340    34012 40123 01234 12340 23401
01234 12340 23401 34012 40123    12340 23401 34012 40123 01234    23401 34012 40123 01234 12340    34012 40123 01234 12340 23401    40123 01234 12340 23401 34012
12340 23401 34012 40123 01234    23401 34012 40123 01234 12340    34012 40123 01234 12340 23401    40123 01234 12340 23401 34012    01234 12340 23401 34012 40123
23401 34012 40123 01234 12340    34012 40123 01234 12340 23401    40123 01234 12340 23401 34012    01234 12340 23401 34012 40123    12340 23401 34012 40123 01234
34012 40123 01234 12340 23401    40123 01234 12340 23401 34012    01234 12340 23401 34012 40123    12340 23401 34012 40123 01234    23401 34012 40123 01234 12340

01234 12340 23401 34012 40123    12340 23401 34012 40123 01234    23401 34012 40123 01234 12340    34012 40123 01234 12340 23401    40123 01234 12340 23401 34012
12340 23401 34012 40123 01234    23401 34012 40123 01234 12340    34012 40123 01234 12340 23401    40123 01234 12340 23401 34012    01234 12340 23401 34012 40123
23401 34012 40123 01234 12340    34012 40123 01234 12340 23401    40123 01234 12340 23401 34012    01234 12340 23401 34012 40123    12340 23401 34012 40123 01234
34012 40123 01234 12340 23401    40123 01234 12340 23401 34012    01234 12340 23401 34012 40123    12340 23401 34012 40123 01234    23401 34012 40123 01234 12340
40123 01234 12340 23401 34012    01234 12340 23401 34012 40123    12340 23401 34012 40123 01234    23401 34012 40123 01234 12340    34012 40123 01234 12340 23401


23401 34012 40123 01234 12340    34012 40123 01234 12340 23401    40123 01234 12340 23401 34012    01234 12340 23401 34012 40123    12340 23401 34012 40123 01234
34012 40123 01234 12340 23401    40123 01234 12340 23401 34012    01234 12340 23401 34012 40123    12340 23401 34012 40123 01234    23401 34012 40123 01234 12340
40123 01234 12340 23401 34012    01234 12340 23401 34012 40123    12340 23401 34012 40123 01234    23401 34012 40123 01234 12340    34012 40123 01234 12340 23401
01234 12340 23401 34012 40123    12340 23401 34012 40123 01234    23401 34012 40123 01234 12340    34012 40123 01234 12340 23401    40123 01234 12340 23401 34012
12340 23401 34012 40123 01234    23401 34012 40123 01234 12340    34012 40123 01234 12340 23401    40123 01234 12340 23401 34012    01234 12340 23401 34012 40123

34012 40123 01234 12340 23401    40123 01234 12340 23401 34012    01234 12340 23401 34012 40123    12340 23401 34012 40123 01234    23401 34012 40123 01234 12340
40123 01234 12340 23401 34012    01234 12340 23401 34012 40123    12340 23401 34012 40123 01234    23401 34012 40123 01234 12340    34012 40123 01234 12340 23401
01234 12340 23401 34012 40123    12340 23401 34012 40123 01234    23401 34012 40123 01234 12340    34012 40123 01234 12340 23401    40123 01234 12340 23401 34012
12340 23401 34012 40123 01234    23401 34012 40123 01234 12340    34012 40123 01234 12340 23401    40123 01234 12340 23401 34012    01234 12340 23401 34012 40123
23401 34012 40123 01234 12340    34012 40123 01234 12340 23401    40123 01234 12340 23401 34012    01234 12340 23401 34012 40123    12340 23401 34012 40123 01234

40123 01234 12340 23401 34012    01234 12340 23401 34012 40123    12340 23401 34012 40123 01234    23401 34012 40123 01234 12340    34012 40123 01234 12340 23401
01234 12340 23401 34012 40123    12340 23401 34012 40123 01234    23401 34012 40123 01234 12340    34012 40123 01234 12340 23401    40123 01234 12340 23401 34012
12340 23401 34012 40123 01234    23401 34012 40123 01234 12340    34012 40123 01234 12340 23401    40123 01234 12340 23401 34012    01234 12340 23401 34012 40123
23401 34012 40123 01234 12340    34012 40123 01234 12340 23401    40123 01234 12340 23401 34012    01234 12340 23401 34012 40123    12340 23401 34012 40123 01234
34012 40123 01234 12340 23401    40123 01234 12340 23401 34012    01234 12340 23401 34012 40123    12340 23401 34012 40123 01234    23401 34012 40123 01234 12340

01234 12340 23401 34012 40123    12340 23401 34012 40123 01234    23401 34012 40123 01234 12340    34012 40123 01234 12340 23401    40123 01234 12340 23401 34012
12340 23401 34012 40123 01234    23401 34012 40123 01234 12340    34012 40123 01234 12340 23401    40123 01234 12340 23401 34012    01234 12340 23401 34012 40123
23401 34012 40123 01234 12340    34012 40123 01234 12340 23401    40123 01234 12340 23401 34012    01234 12340 23401 34012 40123    12340 23401 34012 40123 01234
34012 40123 01234 12340 23401    40123 01234 12340 23401 34012    01234 12340 23401 34012 40123    12340 23401 34012 40123 01234    23401 34012 40123 01234 12340
40123 01234 12340 23401 34012    01234 12340 23401 34012 40123    12340 23401 34012 40123 01234    23401 34012 40123 01234 12340    34012 40123 01234 12340 23401

12340 23401 34012 40123 01234    23401 34012 40123 01234 12340    34012 40123 01234 12340 23401    40123 01234 12340 23401 34012    01234 12340 23401 34012 40123
23401 34012 40123 01234 12340    34012 40123 01234 12340 23401    40123 01234 12340 23401 34012    01234 12340 23401 34012 40123    12340 23401 34012 40123 01234
34012 40123 01234 12340 23401    40123 01234 12340 23401 34012    01234 12340 23401 34012 40123    12340 23401 34012 40123 01234    23401 34012 40123 01234 12340
40123 01234 12340 23401 34012    01234 12340 23401 34012 40123    12340 23401 34012 40123 01234    23401 34012 40123 01234 12340    34012 40123 01234 12340 23401
01234 12340 23401 34012 40123    12340 23401 34012 40123 01234    23401 34012 40123 01234 12340    34012 40123 01234 12340 23401    40123 01234 12340 23401 34012


34012 40123 01234 12340 23401    40123 01234 12340 23401 34012    01234 12340 23401 34012 40123    12340 23401 34012 40123 01234    23401 34012 40123 01234 12340
40123 01234 12340 23401 34012    01234 12340 23401 34012 40123    12340 23401 34012 40123 01234    23401 34012 40123 01234 12340    34012 40123 01234 12340 23401
01234 12340 23401 34012 40123    12340 23401 34012 40123 01234    23401 34012 40123 01234 12340    34012 40123 01234 12340 23401    40123 01234 12340 23401 34012
12340 23401 34012 40123 01234    23401 34012 40123 01234 12340    34012 40123 01234 12340 23401    40123 01234 12340 23401 34012    01234 12340 23401 34012 40123
23401 34012 40123 01234 12340    34012 40123 01234 12340 23401    40123 01234 12340 23401 34012    01234 12340 23401 34012 40123    12340 23401 34012 40123 01234

40123 01234 12340 23401 34012    01234 12340 23401 34012 40123    12340 23401 34012 40123 01234    23401 34012 40123 01234 12340    34012 40123 01234 12340 23401
01234 12340 23401 34012 40123    12340 23401 34012 40123 01234    23401 34012 40123 01234 12340    34012 40123 01234 12340 23401    40123 01234 12340 23401 34012
12340 23401 34012 40123 01234    23401 34012 40123 01234 12340    34012 40123 01234 12340 23401    40123 01234 12340 23401 34012    01234 12340 23401 34012 40123
23401 34012 40123 01234 12340    34012 40123 01234 12340 23401    40123 01234 12340 23401 34012    01234 12340 23401 34012 40123    12340 23401 34012 40123 01234
34012 40123 01234 12340 23401    40123 01234 12340 23401 34012    01234 12340 23401 34012 40123    12340 23401 34012 40123 01234    23401 34012 40123 01234 12340

01234 12340 23401 34012 40123    12340 23401 34012 40123 01234    23401 34012 40123 01234 12340    34012 40123 01234 12340 23401    40123 01234 12340 23401 34012
12340 23401 34012 40123 01234    23401 34012 40123 01234 12340    34012 40123 01234 12340 23401    40123 01234 12340 23401 34012    01234 12340 23401 34012 40123
23401 34012 40123 01234 12340    34012 40123 01234 12340 23401    40123 01234 12340 23401 34012    01234 12340 23401 34012 40123    12340 23401 34012 40123 01234
34012 40123 01234 12340 23401    40123 01234 12340 23401 34012    01234 12340 23401 34012 40123    12340 23401 34012 40123 01234    23401 34012 40123 01234 12340
40123 01234 12340 23401 34012    01234 12340 23401 34012 40123    12340 23401 34012 40123 01234    23401 34012 40123 01234 12340    34012 40123 01234 12340 23401

12340 23401 34012 40123 01234    23401 34012 40123 01234 12340    34012 40123 01234 12340 23401    40123 01234 12340 23401 34012    01234 12340 23401 34012 40123
23401 34012 40123 01234 12340    34012 40123 01234 12340 23401    40123 01234 12340 23401 34012    01234 12340 23401 34012 40123    12340 23401 34012 40123 01234
34012 40123 01234 12340 23401    40123 01234 12340 23401 34012    01234 12340 23401 34012 40123    12340 23401 34012 40123 01234    23401 34012 40123 01234 12340
40123 01234 12340 23401 34012    01234 12340 23401 34012 40123    12340 23401 34012 40123 01234    23401 34012 40123 01234 12340    34012 40123 01234 12340 23401
01234 12340 23401 34012 40123    12340 23401 34012 40123 01234    23401 34012 40123 01234 12340    34012 40123 01234 12340 23401    40123 01234 12340 23401 34012

23401 34012 40123 01234 12340    34012 40123 01234 12340 23401    40123 01234 12340 23401 34012    01234 12340 23401 34012 40123    12340 23401 34012 40123 01234
34012 40123 01234 12340 23401    40123 01234 12340 23401 34012    01234 12340 23401 34012 40123    12340 23401 34012 40123 01234    23401 34012 40123 01234 12340
40123 01234 12340 23401 34012    01234 12340 23401 34012 40123    12340 23401 34012 40123 01234    23401 34012 40123 01234 12340    34012 40123 01234 12340 23401
01234 12340 23401 34012 40123    12340 23401 34012 40123 01234    23401 34012 40123 01234 12340    34012 40123 01234 12340 23401    40123 01234 12340 23401 34012
12340 23401 34012 40123 01234    23401 34012 40123 01234 12340    34012 40123 01234 12340 23401    40123 01234 12340 23401 34012    01234 12340 23401 34012 40123


40123 01234 12340 23401 34012    01234 12340 23401 34012 40123    12340 23401 34012 40123 01234    23401 34012 40123 01234 12340    34012 40123 01234 12340 23401
01234 12340 23401 34012 40123    12340 23401 34012 40123 01234    23401 34012 40123 01234 12340    34012 40123 01234 12340 23401    40123 01234 12340 23401 34012
12340 23401 34012 40123 01234    23401 34012 40123 01234 12340    34012 40123 01234 12340 23401    40123 01234 12340 23401 34012    01234 12340 23401 34012 40123
23401 34012 40123 01234 12340    34012 40123 01234 12340 23401    40123 01234 12340 23401 34012    01234 12340 23401 34012 40123    12340 23401 34012 40123 01234
34012 40123 01234 12340 23401    40123 01234 12340 23401 34012    01234 12340 23401 34012 40123    12340 23401 34012 40123 01234    23401 34012 40123 01234 12340

01234 12340 23401 34012 40123    12340 23401 34012 40123 01234    23401 34012 40123 01234 12340    34012 40123 01234 12340 23401    40123 01234 12340 23401 34012
12340 23401 34012 40123 01234    23401 34012 40123 01234 12340    34012 40123 01234 12340 23401    40123 01234 12340 23401 34012    01234 12340 23401 34012 40123
23401 34012 40123 01234 12340    34012 40123 01234 12340 23401    40123 01234 12340 23401 34012    01234 12340 23401 34012 40123    12340 23401 34012 40123 01234
34012 40123 01234 12340 23401    40123 01234 12340 23401 34012    01234 12340 23401 34012 40123    12340 23401 34012 40123 01234    23401 34012 40123 01234 12340
40123 01234 12340 23401 34012    01234 12340 23401 34012 40123    12340 23401 34012 40123 01234    23401 34012 40123 01234 12340    34012 40123 01234 12340 23401

12340 23401 34012 40123 01234    23401 34012 40123 01234 12340    34012 40123 01234 12340 23401    40123 01234 12340 23401 34012    01234 12340 23401 34012 40123
23401 34012 40123 01234 12340    34012 40123 01234 12340 23401    40123 01234 12340 23401 34012    01234 12340 23401 34012 40123    12340 23401 34012 40123 01234
34012 40123 01234 12340 23401    40123 01234 12340 23401 34012    01234 12340 23401 34012 40123    12340 23401 34012 40123 01234    23401 34012 40123 01234 12340
40123 01234 12340 23401 34012    01234 12340 23401 34012 40123    12340 23401 34012 40123 01234    23401 34012 40123 01234 12340    34012 40123 01234 12340 23401
01234 12340 23401 34012 40123    12340 23401 34012 40123 01234    23401 34012 40123 01234 12340    34012 40123 01234 12340 23401    40123 01234 12340 23401 34012

23401 34012 40123 01234 12340    34012 40123 01234 12340 23401    40123 01234 12340 23401 34012    01234 12340 23401 34012 40123    12340 23401 34012 40123 01234
34012 40123 01234 12340 23401    40123 01234 12340 23401 34012    01234 12340 23401 34012 40123    12340 23401 34012 40123 01234    23401 34012 40123 01234 12340
40123 01234 12340 23401 34012    01234 12340 23401 34012 40123    12340 23401 34012 40123 01234    23401 34012 40123 01234 12340    34012 40123 01234 12340 23401
01234 12340 23401 34012 40123    12340 23401 34012 40123 01234    23401 34012 40123 01234 12340    34012 40123 01234 12340 23401    40123 01234 12340 23401 34012
12340 23401 34012 40123 01234    23401 34012 40123 01234 12340    34012 40123 01234 12340 23401    40123 01234 12340 23401 34012    01234 12340 23401 34012 40123

34012 40123 01234 12340 23401    40123 01234 12340 23401 34012    01234 12340 23401 34012 40123    12340 23401 34012 40123 01234    23401 34012 40123 01234 12340
40123 01234 12340 23401 34012    01234 12340 23401 34012 40123    12340 23401 34012 40123 01234    23401 34012 40123 01234 12340    34012 40123 01234 12340 23401
01234 12340 23401 34012 40123    12340 23401 34012 40123 01234    23401 34012 40123 01234 12340    34012 40123 01234 12340 23401    40123 01234 12340 23401 34012
12340 23401 34012 40123 01234    23401 34012 40123 01234 12340    34012 40123 01234 12340 23401    40123 01234 12340 23401 34012    01234 12340 23401 34012 40123
23401 34012 40123 01234 12340    34012 40123 01234 12340 23401    40123 01234 12340 23401 34012    01234 12340 23401 34012 40123    12340 23401 34012 40123 01234
