[cata@neil pscfft]$ ./pretty-print 6 6 > 6x6.txt
012345 123450 234501 345012 450123 501234    123450 234501 345012 450123 501234 012345    234501 345012 450123 501234 012345 123450    345012 450123 501234 012345 123450 234501    450123 501234 012345 123450 234501 345012    501234 012345 123450 234501 345012 450123
123450 234501 345012 450123 501234 012345    234501 345012 450123 501234 012345 123450    345012 450123 501234 012345 123450 234501    450123 501234 012345 123450 234501 345012    501234 012345 123450 234501 345012 450123    012345 123450 234501 345012 450123 501234
234501 345012 450123 501234 012345 123450    345012 450123 501234 012345 123450 234501    450123 501234 012345 123450 234501 345012    501234 012345 123450 234501 345012 450123    012345 123450 234501 345012 450123 501234    123450 234501 345012 450123 501234 012345
345012 450123 501234 012345 123450 234501    450123 501234 012345 123450 234501 345012    501234 012345 123450 234501 345012 450123    012345 123450 234501 345012 450123 501234    123450 234501 345012 450123 501234 012345    234501 345012 450123 501234 012345 123450
450123 501234 012345 123450 234501 345012    501234 012345 123450 234501 345012 450123    012345 123450 234501 345012 450123 501234    123450 234501 345012 450123 501234 012345    234501 345012 450123 501234 012345 123450    345012 450123 501234 012345 123450 234501
501234 012345 123450 234501 345012 450123    012345 123450 234501 345012 450123 501234    123450 234501 345012 450123 501234 012345    234501 345012 450123 501234 012345 123450    345012 450123 501234 012345 123450 234501    450123 501234 012345 123450 234501 345012

123450 234501 345012 450123 501234 012345    234501 345012 450123 501234 012345 123450    345012 450123 501234 012345 123450 234501    450123 501234 012345 123450 234501 345012    501234 012345 123450 234501 345012 450123    012345 123450 234501 345012 450123 501234
234501 345012 450123 501234 012345 123450    345012 450123 501234 012345 123450 234501    450123 501234 012345 123450 234501 345012    501234 012345 123450 234501 345012 450123    012345 123450 234501 345012 450123 501234    123450 234501 345012 450123 501234 012345
345012 450123 501234 012345 123450 234501    450123 501234 012345 123450 234501 345012    501234 012345 123450 234501 345012 450123    012345 123450 234501 345012 450123 501234    123450 234501 345012 450123 501234 012345    234501 345012 450123 501234 012345 123450
450123 501234 012345 123450 234501 345012    501234 012345 123450 234501 345012 450123    012345 123450 234501 345012 450123 501234    123450 234501 345012 450123 501234 012345    234501 345012 450123 501234 012345 123450    345012 450123 501234 012345 123450 234501
501234 012345 123450 234501 345012 450123    012345 123450 234501 345012 450123 501234    123450 234501 345012 450123 501234 012345    234501 345012 450123 501234 012345 123450    345012 450123 501234 012345 123450 234501    450123 501234 012345 123450 234501 345012
012345 123450 234501 345012 450123 501234    123450 234501 345012 450123 501234 012345    234501 345012 450123 501234 012345 123450    345012 450123 501234 012345 123450 234501    450123 501234 012345 123450 234501 345012    501234 012345 123450 234501 345012 450123

234501 345012 450123 501234 012345 123450    345012 450123 501234 012345 123450 234501    450123 501234 012345 123450 234501 345012    501234 012345 123450 234501 345012 450123    012345 123450 234501 345012 450123 501234    123450 234501 345012 450123 501234 012345
345012 450123 501234 012345 123450 234501    450123 501234 012345 123450 234501 345012    501234 012345 123450 234501 345012 450123    012345 123450 234501 345012 450123 501234    123450 234501 345012 450123 501234 012345    234501 345012 450123 501234 012345 123450
450123 501234 012345 123450 234501 345012    501234 012345 123450 234501 345012 450123    012345 123450 234501 345012 450123 501234    123450 234501 345012 450123 501234 012345    234501 345012 450123 501234 012345 123450    345012 450123 501234 012345 123450 234501
501234 012345 123450 234501 345012 450123    012345 123450 234501 345012 450123 501234    123450 234501 345012 450123 501234 012345    234501 345012 450123 501234 012345 123450    345012 450123 501234 012345 123450 234501    450123 501234 012345 123450 234501 345012
012345 123450 234501 345012 450123 501234    123450 234501 345012 450123 501234 012345    234501 345012 450123 501234 012345 123450    345012 450123 501234 012345 123450 234501    450123 501234 012345 123450 234501 345012    501234 012345 123450 234501 345012 450123
123450 234501 345012 450123 501234 012345    234501 345012 450123 501234 012345 123450    345012 450123 501234 012345 123450 234501    450123 501234 012345 123450 234501 345012    501234 012345 123450 234501 345012 450123    012345 123450 234501 345012 450123 501234

345012 450123 501234 012345 123450 234501    450123 501234 012345 123450 234501 345012    501234 012345 123450 234501 345012 450123    012345 123450 234501 345012 450123 501234    123450 234501 345012 450123 501234 012345    234501 345012 450123 501234 012345 123450
450123 501234 012345 123450 234501 345012    501234 012345 123450 234501 345012 450123    012345 123450 234501 345012 450123 501234    123450 234501 345012 450123 501234 012345    234501 345012 450123 501234 012345 123450    345012 450123 501234 012345 123450 234501
501234 012345 123450 234501 345012 450123    012345 123450 234501 345012 450123 501234    123450 234501 345012 450123 501234 012345    234501 345012 450123 501234 012345 123450    345012 450123 501234 012345 123450 234501    450123 501234 012345 123450 234501 345012
012345 123450 234501 345012 450123 501234    123450 234501 345012 450123 501234 012345    234501 345012 450123 501234 012345 123450    345012 450123 501234 012345 123450 234501    450123 501234 012345 123450 234501 345012    501234 012345 123450 234501 345012 450123
123450 234501 345012 450123 501234 012345    234501 345012 450123 501234 012345 123450    345012 450123 501234 012345 123450 234501    450123 501234 012345 123450 234501 345012    501234 012345 123450 234501 345012 450123    012345 123450 234501 345012 450123 501234
234501 345012 450123 501234 012345 123450    345012 450123 501234 012345 123450 234501    450123 501234 012345 123450 234501 345012    501234 012345 123450 234501 345012 450123    012345 123450 234501 345012 450123 501234    123450 234501 345012 450123 501234 012345

450123 501234 012345 123450 234501 345012    501234 012345 123450 234501 345012 450123    012345 123450 234501 345012 450123 501234    123450 234501 345012 450123 501234 012345    234501 345012 450123 501234 012345 123450    345012 450123 501234 012345 123450 234501
501234 012345 123450 234501 345012 450123    012345 123450 234501 345012 450123 501234    123450 234501 345012 450123 501234 012345    234501 345012 450123 501234 012345 123450    345012 450123 501234 012345 123450 234501    450123 501234 012345 123450 234501 345012
012345 123450 234501 345012 450123 501234    123450 234501 345012 450123 501234 012345    234501 345012 450123 501234 012345 123450    345012 450123 501234 012345 123450 234501    450123 501234 012345 123450 234501 345012    501234 012345 123450 234501 345012 450123
123450 234501 345012 450123 501234 012345    234501 345012 450123 501234 012345 123450    345012 450123 501234 012345 123450 234501    450123 501234 012345 123450 234501 345012    501234 012345 123450 234501 345012 450123    012345 123450 234501 345012 450123 501234
234501 345012 450123 501234 012345 123450    345012 450123 501234 012345 123450 234501    450123 501234 012345 123450 234501 345012    501234 012345 123450 234501 345012 450123    012345 123450 234501 345012 450123 501234    123450 234501 345012 450123 501234 012345
345012 450123 501234 012345 123450 234501    450123 501234 012345 123450 234501 345012    501234 012345 123450 234501 345012 450123    012345 123450 234501 345012 450123 501234    123450 234501 345012 450123 501234 012345    234501 345012 450123 501234 012345 123450

501234 012345 123450 234501 345012 450123    012345 123450 234501 345012 450123 501234    123450 234501 345012 450123 501234 012345    234501 345012 450123 501234 012345 123450    345012 450123 501234 012345 123450 234501    450123 501234 012345 123450 234501 345012
012345 123450 234501 345012 450123 501234    123450 234501 345012 450123 501234 012345    234501 345012 450123 501234 012345 123450    345012 450123 501234 012345 123450 234501    450123 501234 012345 123450 234501 345012    501234 012345 123450 234501 345012 450123
123450 234501 345012 450123 501234 012345    234501 345012 450123 501234 012345 123450    345012 450123 501234 012345 123450 234501    450123 501234 012345 123450 234501 345012    501234 012345 123450 234501 345012 450123    012345 123450 234501 345012 450123 501234
234501 345012 450123 501234 012345 123450    345012 450123 501234 012345 123450 234501    450123 501234 012345 123450 234501 345012    501234 012345 123450 234501 345012 450123    012345 123450 234501 345012 450123 501234    123450 234501 345012 450123 501234 012345
345012 450123 501234 012345 123450 234501    450123 501234 012345 123450 234501 345012    501234 012345 123450 234501 345012 450123    012345 123450 234501 345012 450123 501234    123450 234501 345012 450123 501234 012345    234501 345012 450123 501234 012345 123450
450123 501234 012345 123450 234501 345012    501234 012345 123450 234501 345012 450123    012345 123450 234501 345012 450123 501234    123450 234501 345012 450123 501234 012345    234501 345012 450123 501234 012345 123450    345012 450123 501234 012345 123450 234501


123450 234501 345012 450123 501234 012345    234501 345012 450123 501234 012345 123450    345012 450123 501234 012345 123450 234501    450123 501234 012345 123450 234501 345012    501234 012345 123450 234501 345012 450123    012345 123450 234501 345012 450123 501234
234501 345012 450123 501234 012345 123450    345012 450123 501234 012345 123450 234501    450123 501234 012345 123450 234501 345012    501234 012345 123450 234501 345012 450123    012345 123450 234501 345012 450123 501234    123450 234501 345012 450123 501234 012345
345012 450123 501234 012345 123450 234501    450123 501234 012345 123450 234501 345012    501234 012345 123450 234501 345012 450123    012345 123450 234501 345012 450123 501234    123450 234501 345012 450123 501234 012345    234501 345012 450123 501234 012345 123450
450123 501234 012345 123450 234501 345012    501234 012345 123450 234501 345012 450123    012345 123450 234501 345012 450123 501234    123450 234501 345012 450123 501234 012345    234501 345012 450123 501234 012345 123450    345012 450123 501234 012345 123450 234501
501234 012345 123450 234501 345012 450123    012345 123450 234501 345012 450123 501234    123450 234501 345012 450123 501234 012345    234501 345012 450123 501234 012345 123450    345012 450123 501234 012345 123450 234501    450123 501234 012345 123450 234501 345012
012345 123450 234501 345012 450123 501234    123450 234501 345012 450123 501234 012345    234501 345012 450123 501234 012345 123450    345012 450123 501234 012345 123450 234501    450123 501234 012345 123450 234501 345012    501234 012345 123450 234501 345012 450123

234501 345012 450123 501234 012345 123450    345012 450123 501234 012345 123450 234501    450123 501234 012345 123450 234501 345012    501234 012345 123450 234501 345012 450123    012345 123450 234501 345012 450123 501234    123450 234501 345012 450123 501234 012345
345012 450123 501234 012345 123450 234501    450123 501234 012345 123450 234501 345012    501234 012345 123450 234501 345012 450123    012345 123450 234501 345012 450123 501234    123450 234501 345012 450123 501234 012345    234501 345012 450123 501234 012345 123450
450123 501234 012345 123450 234501 345012    501234 012345 123450 234501 345012 450123    012345 123450 234501 345012 450123 501234    123450 234501 345012 450123 501234 012345    234501 345012 450123 501234 012345 123450    345012 450123 501234 012345 123450 234501
501234 012345 123450 234501 345012 450123    012345 123450 234501 345012 450123 501234    123450 234501 345012 450123 501234 012345    234501 345012 450123 501234 012345 123450    345012 450123 501234 012345 123450 234501    450123 501234 012345 123450 234501 345012
012345 123450 234501 345012 450123 501234    123450 234501 345012 450123 501234 012345    234501 345012 450123 501234 012345 123450    345012 450123 501234 012345 123450 234501    450123 501234 012345 123450 234501 345012    501234 012345 123450 234501 345012 450123
123450 234501 345012 450123 501234 012345    234501 345012 450123 501234 012345 123450    345012 450123 501234 012345 123450 234501    450123 501234 012345 123450 234501 345012    501234 012345 123450 234501 345012 450123    012345 123450 234501 345012 450123 501234

345012 450123 501234 012345 123450 234501    450123 501234 012345 123450 234501 345012    501234 012345 123450 234501 345012 450123    012345 123450 234501 345012 450123 501234    123450 234501 345012 450123 501234 012345    234501 345012 450123 501234 012345 123450
450123 501234 012345 123450 234501 345012    501234 012345 123450 234501 345012 450123    012345 123450 234501 345012 450123 501234    123450 234501 345012 450123 501234 012345    234501 345012 450123 501234 012345 123450    345012 450123 501234 012345 123450 234501
501234 012345 123450 234501 345012 450123    012345 123450 234501 345012 450123 501234    123450 234501 345012 450123 501234 012345    234501 345012 450123 501234 012345 123450    345012 450123 501234 012345 123450 234501    450123 501234 012345 123450 234501 345012
012345 123450 234501 345012 450123 501234    123450 234501 345012 450123 501234 012345    234501 345012 450123 501234 012345 123450    345012 450123 501234 012345 123450 234501    450123 501234 012345 123450 234501 345012    501234 012345 123450 234501 345012 450123
123450 234501 345012 450123 501234 012345    234501 345012 450123 501234 012345 123450    345012 450123 501234 012345 123450 234501    450123 501234 012345 123450 234501 345012    501234 012345 123450 234501 345012 450123    012345 123450 234501 345012 450123 501234
234501 345012 450123 501234 012345 123450    345012 450123 501234 012345 123450 234501    450123 501234 012345 123450 234501 345012    501234 012345 123450 234501 345012 450123    012345 123450 234501 345012 450123 501234    123450 234501 345012 450123 501234 012345

450123 501234 012345 123450 234501 345012    501234 012345 123450 234501 345012 450123    012345 123450 234501 345012 450123 501234    123450 234501 345012 450123 501234 012345    234501 345012 450123 501234 012345 123450    345012 450123 501234 012345 123450 234501
501234 012345 123450 234501 345012 450123    012345 123450 234501 345012 450123 501234    123450 234501 345012 450123 501234 012345    234501 345012 450123 501234 012345 123450    345012 450123 501234 012345 123450 234501    450123 501234 012345 123450 234501 345012
012345 123450 234501 345012 450123 501234    123450 234501 345012 450123 501234 012345    234501 345012 450123 501234 012345 123450    345012 450123 501234 012345 123450 234501    450123 501234 012345 123450 234501 345012    501234 012345 123450 234501 345012 450123
123450 234501 345012 450123 501234 012345    234501 345012 450123 501234 012345 123450    345012 450123 501234 012345 123450 234501    450123 501234 012345 123450 234501 345012    501234 012345 123450 234501 345012 450123    012345 123450 234501 345012 450123 501234
234501 345012 450123 501234 012345 123450    345012 450123 501234 012345 123450 234501    450123 501234 012345 123450 234501 345012    501234 012345 123450 234501 345012 450123    012345 123450 234501 345012 450123 501234    123450 234501 345012 450123 501234 012345
345012 450123 501234 012345 123450 234501    450123 501234 012345 123450 234501 345012    501234 012345 123450 234501 345012 450123    012345 123450 234501 345012 450123 501234    123450 234501 345012 450123 501234 012345    234501 345012 450123 501234 012345 123450

501234 012345 123450 234501 345012 450123    012345 123450 234501 345012 450123 501234    123450 234501 345012 450123 501234 012345    234501 345012 450123 501234 012345 123450    345012 450123 501234 012345 123450 234501    450123 501234 012345 123450 234501 345012
012345 123450 234501 345012 450123 501234    123450 234501 345012 450123 501234 012345    234501 345012 450123 501234 012345 123450    345012 450123 501234 012345 123450 234501    450123 501234 012345 123450 234501 345012    501234 012345 123450 234501 345012 450123
123450 234501 345012 450123 501234 012345    234501 345012 450123 501234 012345 123450    345012 450123 501234 012345 123450 234501    450123 501234 012345 123450 234501 345012    501234 012345 123450 234501 345012 450123    012345 123450 234501 345012 450123 501234
234501 345012 450123 501234 012345 123450    345012 450123 501234 012345 123450 234501    450123 501234 012345 123450 234501 345012    501234 012345 123450 234501 345012 450123    012345 123450 234501 345012 450123 501234    123450 234501 345012 450123 501234 012345
345012 450123 501234 012345 123450 234501    450123 501234 012345 123450 234501 345012    501234 012345 123450 234501 345012 450123    012345 123450 234501 345012 450123 501234    123450 234501 345012 450123 501234 012345    234501 345012 450123 501234 012345 123450
450123 501234 012345 123450 234501 345012    501234 012345 123450 234501 345012 450123    012345 123450 234501 345012 450123 501234    123450 234501 345012 450123 501234 012345    234501 345012 450123 501234 012345 123450    345012 450123 501234 012345 123450 234501

012345 123450 234501 345012 450123 501234    123450 234501 345012 450123 501234 012345    234501 345012 450123 501234 012345 123450    345012 450123 501234 012345 123450 234501    450123 501234 012345 123450 234501 345012    501234 012345 123450 234501 345012 450123
123450 234501 345012 450123 501234 012345    234501 345012 450123 501234 012345 123450    345012 450123 501234 012345 123450 234501    450123 501234 012345 123450 234501 345012    501234 012345 123450 234501 345012 450123    012345 123450 234501 345012 450123 501234
234501 345012 450123 501234 012345 123450    345012 450123 501234 012345 123450 234501    450123 501234 012345 123450 234501 345012    501234 012345 123450 234501 345012 450123    012345 123450 234501 345012 450123 501234    123450 234501 345012 450123 501234 012345
345012 450123 501234 012345 123450 234501    450123 501234 012345 123450 234501 345012    501234 012345 123450 234501 345012 450123    012345 123450 234501 345012 450123 501234    123450 234501 345012 450123 501234 012345    234501 345012 450123 501234 012345 123450
450123 501234 012345 123450 234501 345012    501234 012345 123450 234501 345012 450123    012345 123450 234501 345012 450123 501234    123450 234501 345012 450123 501234 012345    234501 345012 450123 501234 012345 123450    345012 450123 501234 012345 123450 234501
501234 012345 123450 234501 345012 450123    012345 123450 234501 345012 450123 501234    123450 234501 345012 450123 501234 012345    234501 345012 450123 501234 012345 123450    345012 450123 501234 012345 123450 234501    450123 501234 012345 123450 234501 345012


234501 345012 450123 501234 012345 123450    345012 450123 501234 012345 123450 234501    450123 501234 012345 123450 234501 345012    501234 012345 123450 234501 345012 450123    012345 123450 234501 345012 450123 501234    123450 234501 345012 450123 501234 012345
345012 450123 501234 012345 123450 234501    450123 501234 012345 123450 234501 345012    501234 012345 123450 234501 345012 450123    012345 123450 234501 345012 450123 501234    123450 234501 345012 450123 501234 012345    234501 345012 450123 501234 012345 123450
450123 501234 012345 123450 234501 345012    501234 012345 123450 234501 345012 450123    012345 123450 234501 345012 450123 501234    123450 234501 345012 450123 501234 012345    234501 345012 450123 501234 012345 123450    345012 450123 501234 012345 123450 234501
501234 012345 123450 234501 345012 450123    012345 123450 234501 345012 450123 501234    123450 234501 345012 450123 501234 012345    234501 345012 450123 501234 012345 123450    345012 450123 501234 012345 123450 234501    450123 501234 012345 123450 234501 345012
012345 123450 234501 345012 450123 501234    123450 234501 345012 450123 501234 012345    234501 345012 450123 501234 012345 123450    345012 450123 501234 012345 123450 234501    450123 501234 012345 123450 234501 345012    501234 012345 123450 234501 345012 450123
123450 234501 345012 450123 501234 012345    234501 345012 450123 501234 012345 123450    345012 450123 501234 012345 123450 234501    450123 501234 012345 123450 234501 345012    501234 012345 123450 234501 345012 450123    012345 123450 234501 345012 450123 501234

345012 450123 501234 012345 123450 234501    450123 501234 012345 123450 234501 345012    501234 012345 123450 234501 345012 450123    012345 123450 234501 345012 450123 501234    123450 234501 345012 450123 501234 012345    234501 345012 450123 501234 012345 123450
450123 501234 012345 123450 234501 345012    501234 012345 123450 234501 345012 450123    012345 123450 234501 345012 450123 501234    123450 234501 345012 450123 501234 012345    234501 345012 450123 501234 012345 123450    345012 450123 501234 012345 123450 234501
501234 012345 123450 234501 345012 450123    012345 123450 234501 345012 450123 501234    123450 234501 345012 450123 501234 012345    234501 345012 450123 501234 012345 123450    345012 450123 501234 012345 123450 234501    450123 501234 012345 123450 234501 345012
012345 123450 234501 345012 450123 501234    123450 234501 345012 450123 501234 012345    234501 345012 450123 501234 012345 123450    345012 450123 501234 012345 123450 234501    450123 501234 012345 123450 234501 345012    501234 012345 123450 234501 345012 450123
123450 234501 345012 450123 501234 012345    234501 345012 450123 501234 012345 123450    345012 450123 501234 012345 123450 234501    450123 501234 012345 123450 234501 345012    501234 012345 123450 234501 345012 450123    012345 123450 234501 345012 450123 501234
234501 345012 450123 501234 012345 123450    345012 450123 501234 012345 123450 234501    450123 501234 012345 123450 234501 345012    501234 012345 123450 234501 345012 450123    012345 123450 234501 345012 450123 501234    123450 234501 345012 450123 501234 012345

450123 501234 012345 123450 234501 345012    501234 012345 123450 234501 345012 450123    012345 123450 234501 345012 450123 501234    123450 234501 345012 450123 501234 012345    234501 345012 450123 501234 012345 123450    345012 450123 501234 012345 123450 234501
501234 012345 123450 234501 345012 450123    012345 123450 234501 345012 450123 501234    123450 234501 345012 450123 501234 012345    234501 345012 450123 501234 012345 123450    345012 450123 501234 012345 123450 234501    450123 501234 012345 123450 234501 345012
012345 123450 234501 345012 450123 501234    123450 234501 345012 450123 501234 012345    234501 345012 450123 501234 012345 123450    345012 450123 501234 012345 123450 234501    450123 501234 012345 123450 234501 345012    501234 012345 123450 234501 345012 450123
123450 234501 345012 450123 501234 012345    234501 345012 450123 501234 012345 123450    345012 450123 501234 012345 123450 234501    450123 501234 012345 123450 234501 345012    501234 012345 123450 234501 345012 450123    012345 123450 234501 345012 450123 501234
234501 345012 450123 501234 012345 123450    345012 450123 501234 012345 123450 234501    450123 501234 012345 123450 234501 345012    501234 012345 123450 234501 345012 450123    012345 123450 234501 345012 450123 501234    123450 234501 345012 450123 501234 012345
345012 450123 501234 012345 123450 234501    450123 501234 012345 123450 234501 345012    501234 012345 123450 234501 345012 450123    012345 123450 234501 345012 450123 501234    123450 234501 345012 450123 501234 012345    234501 345012 450123 501234 012345 123450

501234 012345 123450 234501 345012 450123    012345 123450 234501 345012 450123 501234    123450 234501 345012 450123 501234 012345    234501 345012 450123 501234 012345 123450    345012 450123 501234 012345 123450 234501    450123 501234 012345 123450 234501 345012
012345 123450 234501 345012 450123 501234    123450 234501 345012 450123 501234 012345    234501 345012 450123 501234 012345 123450    345012 450123 501234 012345 123450 234501    450123 501234 012345 123450 234501 345012    501234 012345 123450 234501 345012 450123
123450 234501 345012 450123 501234 012345    234501 345012 450123 501234 012345 123450    345012 450123 501234 012345 123450 234501    450123 501234 012345 123450 234501 345012    501234 012345 123450 234501 345012 450123    012345 123450 234501 345012 450123 501234
234501 345012 450123 501234 012345 123450    345012 450123 501234 012345 123450 234501    450123 501234 012345 123450 234501 345012    501234 012345 123450 234501 345012 450123    012345 123450 234501 345012 450123 501234    123450 234501 345012 450123 501234 012345
345012 450123 501234 012345 123450 234501    450123 501234 012345 123450 234501 345012    501234 012345 123450 234501 345012 450123    012345 123450 234501 345012 450123 501234    123450 234501 345012 450123 501234 012345    234501 345012 450123 501234 012345 123450
450123 501234 012345 123450 234501 345012    501234 012345 123450 234501 345012 450123    012345 123450 234501 345012 450123 501234    123450 234501 345012 450123 501234 012345    234501 345012 450123 501234 012345 123450    345012 450123 501234 012345 123450 234501

012345 123450 234501 345012 450123 501234    123450 234501 345012 450123 501234 012345    234501 345012 450123 501234 012345 123450    345012 450123 501234 012345 123450 234501    450123 501234 012345 123450 234501 345012    501234 012345 123450 234501 345012 450123
123450 234501 345012 450123 501234 012345    234501 345012 450123 501234 012345 123450    345012 450123 501234 012345 123450 234501    450123 501234 012345 123450 234501 345012    501234 012345 123450 234501 345012 450123    012345 123450 234501 345012 450123 501234
234501 345012 450123 501234 012345 123450    345012 450123 501234 012345 123450 234501    450123 501234 012345 123450 234501 345012    501234 012345 123450 234501 345012 450123    012345 123450 234501 345012 450123 501234    123450 234501 345012 450123 501234 012345
345012 450123 501234 012345 123450 234501    450123 501234 012345 123450 234501 345012    501234 012345 123450 234501 345012 450123    012345 123450 234501 345012 450123 501234    123450 234501 345012 450123 501234 012345    234501 345012 450123 501234 012345 123450
450123 501234 012345 123450 234501 345012    501234 012345 123450 234501 345012 450123    012345 123450 234501 345012 450123 501234    123450 234501 345012 450123 501234 012345    234501 345012 450123 501234 012345 123450    345012 450123 501234 012345 123450 234501
501234 012345 123450 234501 345012 450123    012345 123450 234501 345012 450123 501234    123450 234501 345012 450123 501234 012345    234501 345012 450123 501234 012345 123450    345012 450123 501234 012345 123450 234501    450123 501234 012345 123450 234501 345012

123450 234501 345012 450123 501234 012345    234501 345012 450123 501234 012345 123450    345012 450123 501234 012345 123450 234501    450123 501234 012345 123450 234501 345012    501234 012345 123450 234501 345012 450123    012345 123450 234501 345012 450123 501234
234501 345012 450123 501234 012345 123450    345012 450123 501234 012345 123450 234501    450123 501234 012345 123450 234501 345012    501234 012345 123450 234501 345012 450123    012345 123450 234501 345012 450123 501234    123450 234501 345012 450123 501234 012345
345012 450123 501234 012345 123450 234501    450123 501234 012345 123450 234501 345012    501234 012345 123450 234501 345012 450123    012345 123450 234501 345012 450123 501234    123450 234501 345012 450123 501234 012345    234501 345012 450123 501234 012345 123450
450123 501234 012345 123450 234501 345012    501234 012345 123450 234501 345012 450123    012345 123450 234501 345012 450123 501234    123450 234501 345012 450123 501234 012345    234501 345012 450123 501234 012345 123450    345012 450123 501234 012345 123450 234501
501234 012345 123450 234501 345012 450123    012345 123450 234501 345012 450123 501234    123450 234501 345012 450123 501234 012345    234501 345012 450123 501234 012345 123450    345012 450123 501234 012345 123450 234501    450123 501234 012345 123450 234501 345012
012345 123450 234501 345012 450123 501234    123450 234501 345012 450123 501234 012345    234501 345012 450123 501234 012345 123450    345012 450123 501234 012345 123450 234501    450123 501234 012345 123450 234501 345012    501234 012345 123450 234501 345012 450123


345012 450123 501234 012345 123450 234501    450123 501234 012345 123450 234501 345012    501234 012345 123450 234501 345012 450123    012345 123450 234501 345012 450123 501234    123450 234501 345012 450123 501234 012345    234501 345012 450123 501234 012345 123450
450123 501234 012345 123450 234501 345012    501234 012345 123450 234501 345012 450123    012345 123450 234501 345012 450123 501234    123450 234501 345012 450123 501234 012345    234501 345012 450123 501234 012345 123450    345012 450123 501234 012345 123450 234501
501234 012345 123450 234501 345012 450123    012345 123450 234501 345012 450123 501234    123450 234501 345012 450123 501234 012345    234501 345012 450123 501234 012345 123450    345012 450123 501234 012345 123450 234501    450123 501234 012345 123450 234501 345012
012345 123450 234501 345012 450123 501234    123450 234501 345012 450123 501234 012345    234501 345012 450123 501234 012345 123450    345012 450123 501234 012345 123450 234501    450123 501234 012345 123450 234501 345012    501234 012345 123450 234501 345012 450123
123450 234501 345012 450123 501234 012345    234501 345012 450123 501234 012345 123450    345012 450123 501234 012345 123450 234501    450123 501234 012345 123450 234501 345012    501234 012345 123450 234501 345012 450123    012345 123450 234501 345012 450123 501234
234501 345012 450123 501234 012345 123450    345012 450123 501234 012345 123450 234501    450123 501234 012345 123450 234501 345012    501234 012345 123450 234501 345012 450123    012345 123450 234501 345012 450123 501234    123450 234501 345012 450123 501234 012345

450123 501234 012345 123450 234501 345012    501234 012345 123450 234501 345012 450123    012345 123450 234501 345012 450123 501234    123450 234501 345012 450123 501234 012345    234501 345012 450123 501234 012345 123450    345012 450123 501234 012345 123450 234501
501234 012345 123450 234501 345012 450123    012345 123450 234501 345012 450123 501234    123450 234501 345012 450123 501234 012345    234501 345012 450123 501234 012345 123450    345012 450123 501234 012345 123450 234501    450123 501234 012345 123450 234501 345012
012345 123450 234501 345012 450123 501234    123450 234501 345012 450123 501234 012345    234501 345012 450123 501234 012345 123450    345012 450123 501234 012345 123450 234501    450123 501234 012345 123450 234501 345012    501234 012345 123450 234501 345012 450123
123450 234501 345012 450123 501234 012345    234501 345012 450123 501234 012345 123450    345012 450123 501234 012345 123450 234501    450123 501234 012345 123450 234501 345012    501234 012345 123450 234501 345012 450123    012345 123450 234501 345012 450123 501234
234501 345012 450123 501234 012345 123450    345012 450123 501234 012345 123450 234501    450123 501234 012345 123450 234501 345012    501234 012345 123450 234501 345012 450123    012345 123450 234501 345012 450123 501234    123450 234501 345012 450123 501234 012345
345012 450123 501234 012345 123450 234501    450123 501234 012345 123450 234501 345012    501234 012345 123450 234501 345012 450123    012345 123450 234501 345012 450123 501234    123450 234501 345012 450123 501234 012345    234501 345012 450123 501234 012345 123450

501234 012345 123450 234501 345012 450123    012345 123450 234501 345012 450123 501234    123450 234501 345012 450123 501234 012345    234501 345012 450123 501234 012345 123450    345012 450123 501234 012345 123450 234501    450123 501234 012345 123450 234501 345012
012345 123450 234501 345012 450123 501234    123450 234501 345012 450123 501234 012345    234501 345012 450123 501234 012345 123450    345012 450123 501234 012345 123450 234501    450123 501234 012345 123450 234501 345012    501234 012345 123450 234501 345012 450123
123450 234501 345012 450123 501234 012345    234501 345012 450123 501234 012345 123450    345012 450123 501234 012345 123450 234501    450123 501234 012345 123450 234501 345012    501234 012345 123450 234501 345012 450123    012345 123450 234501 345012 450123 501234
234501 345012 450123 501234 012345 123450    345012 450123 501234 012345 123450 234501    450123 501234 012345 123450 234501 345012    501234 012345 123450 234501 345012 450123    012345 123450 234501 345012 450123 501234    123450 234501 345012 450123 501234 012345
345012 450123 501234 012345 123450 234501    450123 501234 012345 123450 234501 345012    501234 012345 123450 234501 345012 450123    012345 123450 234501 345012 450123 501234    123450 234501 345012 450123 501234 012345    234501 345012 450123 501234 012345 123450
450123 501234 012345 123450 234501 345012    501234 012345 123450 234501 345012 450123    012345 123450 234501 345012 450123 501234    123450 234501 345012 450123 501234 012345    234501 345012 450123 501234 012345 123450    345012 450123 501234 012345 123450 234501

012345 123450 234501 345012 450123 501234    123450 234501 345012 450123 501234 012345    234501 345012 450123 501234 012345 123450    345012 450123 501234 012345 123450 234501    450123 501234 012345 123450 234501 345012    501234 012345 123450 234501 345012 450123
123450 234501 345012 450123 501234 012345    234501 345012 450123 501234 012345 123450    345012 450123 501234 012345 123450 234501    450123 501234 012345 123450 234501 345012    501234 012345 123450 234501 345012 450123    012345 123450 234501 345012 450123 501234
234501 345012 450123 501234 012345 123450    345012 450123 501234 012345 123450 234501    450123 501234 012345 123450 234501 345012    501234 012345 123450 234501 345012 450123    012345 123450 234501 345012 450123 501234    123450 234501 345012 450123 501234 012345
345012 450123 501234 012345 123450 234501    450123 501234 012345 123450 234501 345012    501234 012345 123450 234501 345012 450123    012345 123450 234501 345012 450123 501234    123450 234501 345012 450123 501234 012345    234501 345012 450123 501234 012345 123450
450123 501234 012345 123450 234501 345012    501234 012345 123450 234501 345012 450123    012345 123450 234501 345012 450123 501234    123450 234501 345012 450123 501234 012345    234501 345012 450123 501234 012345 123450    345012 450123 501234 012345 123450 234501
501234 012345 123450 234501 345012 450123    012345 123450 234501 345012 450123 501234    123450 234501 345012 450123 501234 012345    234501 345012 450123 501234 012345 123450    345012 450123 501234 012345 123450 234501    450123 501234 012345 123450 234501 345012

123450 234501 345012 450123 501234 012345    234501 345012 450123 501234 012345 123450    345012 450123 501234 012345 123450 234501    450123 501234 012345 123450 234501 345012    501234 012345 123450 234501 345012 450123    012345 123450 234501 345012 450123 501234
234501 345012 450123 501234 012345 123450    345012 450123 501234 012345 123450 234501    450123 501234 012345 123450 234501 345012    501234 012345 123450 234501 345012 450123    012345 123450 234501 345012 450123 501234    123450 234501 345012 450123 501234 012345
345012 450123 501234 012345 123450 234501    450123 501234 012345 123450 234501 345012    501234 012345 123450 234501 345012 450123    012345 123450 234501 345012 450123 501234    123450 234501 345012 450123 501234 012345    234501 345012 450123 501234 012345 123450
450123 501234 012345 123450 234501 345012    501234 012345 123450 234501 345012 450123    012345 123450 234501 345012 450123 501234    123450 234501 345012 450123 501234 012345    234501 345012 450123 501234 012345 123450    345012 450123 501234 012345 123450 234501
501234 012345 123450 234501 345012 450123    012345 123450 234501 345012 450123 501234    123450 234501 345012 450123 501234 012345    234501 345012 450123 501234 012345 123450    345012 450123 501234 012345 123450 234501    450123 501234 012345 123450 234501 345012
012345 123450 234501 345012 450123 501234    123450 234501 345012 450123 501234 012345    234501 345012 450123 501234 012345 123450    345012 450123 501234 012345 123450 234501    450123 501234 012345 123450 234501 345012    501234 012345 123450 234501 345012 450123

234501 345012 450123 501234 012345 123450    345012 450123 501234 012345 123450 234501    450123 501234 012345 123450 234501 345012    501234 012345 123450 234501 345012 450123    012345 123450 234501 345012 450123 501234    123450 234501 345012 450123 501234 012345
345012 450123 501234 012345 123450 234501    450123 501234 012345 123450 234501 345012    501234 012345 123450 234501 345012 450123    012345 123450 234501 345012 450123 501234    123450 234501 345012 450123 501234 012345    234501 345012 450123 501234 012345 123450
450123 501234 012345 123450 234501 345012    501234 012345 123450 234501 345012 450123    012345 123450 234501 345012 450123 501234    123450 234501 345012 450123 501234 012345    234501 345012 450123 501234 012345 123450    345012 450123 501234 012345 123450 234501
501234 012345 123450 234501 345012 450123    012345 123450 234501 345012 450123 501234    123450 234501 345012 450123 501234 012345    234501 345012 450123 501234 012345 123450    345012 450123 501234 012345 123450 234501    450123 501234 012345 123450 234501 345012
012345 123450 234501 345012 450123 501234    123450 234501 345012 450123 501234 012345    234501 345012 450123 501234 012345 123450    345012 450123 501234 012345 123450 234501    450123 501234 012345 123450 234501 345012    501234 012345 123450 234501 345012 450123
123450 234501 345012 450123 501234 012345    234501 345012 450123 501234 012345 123450    345012 450123 501234 012345 123450 234501    450123 501234 012345 123450 234501 345012    501234 012345 123450 234501 345012 450123    012345 123450 234501 345012 450123 501234


450123 501234 012345 123450 234501 345012    501234 012345 123450 234501 345012 450123    012345 123450 234501 345012 450123 501234    123450 234501 345012 450123 501234 012345    234501 345012 450123 501234 012345 123450    345012 450123 501234 012345 123450 234501
501234 012345 123450 234501 345012 450123    012345 123450 234501 345012 450123 501234    123450 234501 345012 450123 501234 012345    234501 345012 450123 501234 012345 123450    345012 450123 501234 012345 123450 234501    450123 501234 012345 123450 234501 345012
012345 123450 234501 345012 450123 501234    123450 234501 345012 450123 501234 012345    234501 345012 450123 501234 012345 123450    345012 450123 501234 012345 123450 234501    450123 501234 012345 123450 234501 345012    501234 012345 123450 234501 345012 450123
123450 234501 345012 450123 501234 012345    234501 345012 450123 501234 012345 123450    345012 450123 501234 012345 123450 234501    450123 501234 012345 123450 234501 345012    501234 012345 123450 234501 345012 450123    012345 123450 234501 345012 450123 501234
234501 345012 450123 501234 012345 123450    345012 450123 501234 012345 123450 234501    450123 501234 012345 123450 234501 345012    501234 012345 123450 234501 345012 450123    012345 123450 234501 345012 450123 501234    123450 234501 345012 450123 501234 012345
345012 450123 501234 012345 123450 234501    450123 501234 012345 123450 234501 345012    501234 012345 123450 234501 345012 450123    012345 123450 234501 345012 450123 501234    123450 234501 345012 450123 501234 012345    234501 345012 450123 501234 012345 123450

501234 012345 123450 234501 345012 450123    012345 123450 234501 345012 450123 501234    123450 234501 345012 450123 501234 012345    234501 345012 450123 501234 012345 123450    345012 450123 501234 012345 123450 234501    450123 501234 012345 123450 234501 345012
012345 123450 234501 345012 450123 501234    123450 234501 345012 450123 501234 012345    234501 345012 450123 501234 012345 123450    345012 450123 501234 012345 123450 234501    450123 501234 012345 123450 234501 345012    501234 012345 123450 234501 345012 450123
123450 234501 345012 450123 501234 012345    234501 345012 450123 501234 012345 123450    345012 450123 501234 012345 123450 234501    450123 501234 012345 123450 234501 345012    501234 012345 123450 234501 345012 450123    012345 123450 234501 345012 450123 501234
234501 345012 450123 501234 012345 123450    345012 450123 501234 012345 123450 234501    450123 501234 012345 123450 234501 345012    501234 012345 123450 234501 345012 450123    012345 123450 234501 345012 450123 501234    123450 234501 345012 450123 501234 012345
345012 450123 501234 012345 123450 234501    450123 501234 012345 123450 234501 345012    501234 012345 123450 234501 345012 450123    012345 123450 234501 345012 450123 501234    123450 234501 345012 450123 501234 012345    234501 345012 450123 501234 012345 123450
450123 501234 012345 123450 234501 345012    501234 012345 123450 234501 345012 450123    012345 123450 234501 345012 450123 501234    123450 234501 345012 450123 501234 012345    234501 345012 450123 501234 012345 123450    345012 450123 501234 012345 123450 234501

012345 123450 234501 345012 450123 501234    123450 234501 345012 450123 501234 012345    234501 345012 450123 501234 012345 123450    345012 450123 501234 012345 123450 234501    450123 501234 012345 123450 234501 345012    501234 012345 123450 234501 345012 450123
123450 234501 345012 450123 501234 012345    234501 345012 450123 501234 012345 123450    345012 450123 501234 012345 123450 234501    450123 501234 012345 123450 234501 345012    501234 012345 123450 234501 345012 450123    012345 123450 234501 345012 450123 501234
234501 345012 450123 501234 012345 123450    345012 450123 501234 012345 123450 234501    450123 501234 012345 123450 234501 345012    501234 012345 123450 234501 345012 450123    012345 123450 234501 345012 450123 501234    123450 234501 345012 450123 501234 012345
345012 450123 501234 012345 123450 234501    450123 501234 012345 123450 234501 345012    501234 012345 123450 234501 345012 450123    012345 123450 234501 345012 450123 501234    123450 234501 345012 450123 501234 012345    234501 345012 450123 501234 012345 123450
450123 501234 012345 123450 234501 345012    501234 012345 123450 234501 345012 450123    012345 123450 234501 345012 450123 501234    123450 234501 345012 450123 501234 012345    234501 345012 450123 501234 012345 123450    345012 450123 501234 012345 123450 234501
501234 012345 123450 234501 345012 450123    012345 123450 234501 345012 450123 501234    123450 234501 345012 450123 501234 012345    234501 345012 450123 501234 012345 123450    345012 450123 501234 012345 123450 234501    450123 501234 012345 123450 234501 345012

123450 234501 345012 450123 501234 012345    234501 345012 450123 501234 012345 123450    345012 450123 501234 012345 123450 234501    450123 501234 012345 123450 234501 345012    501234 012345 123450 234501 345012 450123    012345 123450 234501 345012 450123 501234
234501 345012 450123 501234 012345 123450    345012 450123 501234 012345 123450 234501    450123 501234 012345 123450 234501 345012    501234 012345 123450 234501 345012 450123    012345 123450 234501 345012 450123 501234    123450 234501 345012 450123 501234 012345
345012 450123 501234 012345 123450 234501    450123 501234 012345 123450 234501 345012    501234 012345 123450 234501 345012 450123    012345 123450 234501 345012 450123 501234    123450 234501 345012 450123 501234 012345    234501 345012 450123 501234 012345 123450
450123 501234 012345 123450 234501 345012    501234 012345 123450 234501 345012 450123    012345 123450 234501 345012 450123 501234    123450 234501 345012 450123 501234 012345    234501 345012 450123 501234 012345 123450    345012 450123 501234 012345 123450 234501
501234 012345 123450 234501 345012 450123    012345 123450 234501 345012 450123 501234    123450 234501 345012 450123 501234 012345    234501 345012 450123 501234 012345 123450    345012 450123 501234 012345 123450 234501    450123 501234 012345 123450 234501 345012
012345 123450 234501 345012 450123 501234    123450 234501 345012 450123 501234 012345    234501 345012 450123 501234 012345 123450    345012 450123 501234 012345 123450 234501    450123 501234 012345 123450 234501 345012    501234 012345 123450 234501 345012 450123

234501 345012 450123 501234 012345 123450    345012 450123 501234 012345 123450 234501    450123 501234 012345 123450 234501 345012    501234 012345 123450 234501 345012 450123    012345 123450 234501 345012 450123 501234    123450 234501 345012 450123 501234 012345
345012 450123 501234 012345 123450 234501    450123 501234 012345 123450 234501 345012    501234 012345 123450 234501 345012 450123    012345 123450 234501 345012 450123 501234    123450 234501 345012 450123 501234 012345    234501 345012 450123 501234 012345 123450
450123 501234 012345 123450 234501 345012    501234 012345 123450 234501 345012 450123    012345 123450 234501 345012 450123 501234    123450 234501 345012 450123 501234 012345    234501 345012 450123 501234 012345 123450    345012 450123 501234 012345 123450 234501
501234 012345 123450 234501 345012 450123    012345 123450 234501 345012 450123 501234    123450 234501 345012 450123 501234 012345    234501 345012 450123 501234 012345 123450    345012 450123 501234 012345 123450 234501    450123 501234 012345 123450 234501 345012
012345 123450 234501 345012 450123 501234    123450 234501 345012 450123 501234 012345    234501 345012 450123 501234 012345 123450    345012 450123 501234 012345 123450 234501    450123 501234 012345 123450 234501 345012    501234 012345 123450 234501 345012 450123
123450 234501 345012 450123 501234 012345    234501 345012 450123 501234 012345 123450    345012 450123 501234 012345 123450 234501    450123 501234 012345 123450 234501 345012    501234 012345 123450 234501 345012 450123    012345 123450 234501 345012 450123 501234

345012 450123 501234 012345 123450 234501    450123 501234 012345 123450 234501 345012    501234 012345 123450 234501 345012 450123    012345 123450 234501 345012 450123 501234    123450 234501 345012 450123 501234 012345    234501 345012 450123 501234 012345 123450
450123 501234 012345 123450 234501 345012    501234 012345 123450 234501 345012 450123    012345 123450 234501 345012 450123 501234    123450 234501 345012 450123 501234 012345    234501 345012 450123 501234 012345 123450    345012 450123 501234 012345 123450 234501
501234 012345 123450 234501 345012 450123    012345 123450 234501 345012 450123 501234    123450 234501 345012 450123 501234 012345    234501 345012 450123 501234 012345 123450    345012 450123 501234 012345 123450 234501    450123 501234 012345 123450 234501 345012
012345 123450 234501 345012 450123 501234    123450 234501 345012 450123 501234 012345    234501 345012 450123 501234 012345 123450    345012 450123 501234 012345 123450 234501    450123 501234 012345 123450 234501 345012    501234 012345 123450 234501 345012 450123
123450 234501 345012 450123 501234 012345    234501 345012 450123 501234 012345 123450    345012 450123 501234 012345 123450 234501    450123 501234 012345 123450 234501 345012    501234 012345 123450 234501 345012 450123    012345 123450 234501 345012 450123 501234
234501 345012 450123 501234 012345 123450    345012 450123 501234 012345 123450 234501    450123 501234 012345 123450 234501 345012    501234 012345 123450 234501 345012 450123    012345 123450 234501 345012 450123 501234    123450 234501 345012 450123 501234 012345


501234 012345 123450 234501 345012 450123    012345 123450 234501 345012 450123 501234    123450 234501 345012 450123 501234 012345    234501 345012 450123 501234 012345 123450    345012 450123 501234 012345 123450 234501    450123 501234 012345 123450 234501 345012
012345 123450 234501 345012 450123 501234    123450 234501 345012 450123 501234 012345    234501 345012 450123 501234 012345 123450    345012 450123 501234 012345 123450 234501    450123 501234 012345 123450 234501 345012    501234 012345 123450 234501 345012 450123
123450 234501 345012 450123 501234 012345    234501 345012 450123 501234 012345 123450    345012 450123 501234 012345 123450 234501    450123 501234 012345 123450 234501 345012    501234 012345 123450 234501 345012 450123    012345 123450 234501 345012 450123 501234
234501 345012 450123 501234 012345 123450    345012 450123 501234 012345 123450 234501    450123 501234 012345 123450 234501 345012    501234 012345 123450 234501 345012 450123    012345 123450 234501 345012 450123 501234    123450 234501 345012 450123 501234 012345
345012 450123 501234 012345 123450 234501    450123 501234 012345 123450 234501 345012    501234 012345 123450 234501 345012 450123    012345 123450 234501 345012 450123 501234    123450 234501 345012 450123 501234 012345    234501 345012 450123 501234 012345 123450
450123 501234 012345 123450 234501 345012    501234 012345 123450 234501 345012 450123    012345 123450 234501 345012 450123 501234    123450 234501 345012 450123 501234 012345    234501 345012 450123 501234 012345 123450    345012 450123 501234 012345 123450 234501

012345 123450 234501 345012 450123 501234    123450 234501 345012 450123 501234 012345    234501 345012 450123 501234 012345 123450    345012 450123 501234 012345 123450 234501    450123 501234 012345 123450 234501 345012    501234 012345 123450 234501 345012 450123
123450 234501 345012 450123 501234 012345    234501 345012 450123 501234 012345 123450    345012 450123 501234 012345 123450 234501    450123 501234 012345 123450 234501 345012    501234 012345 123450 234501 345012 450123    012345 123450 234501 345012 450123 501234
234501 345012 450123 501234 012345 123450    345012 450123 501234 012345 123450 234501    450123 501234 012345 123450 234501 345012    501234 012345 123450 234501 345012 450123    012345 123450 234501 345012 450123 501234    123450 234501 345012 450123 501234 012345
345012 450123 501234 012345 123450 234501    450123 501234 012345 123450 234501 345012    501234 012345 123450 234501 345012 450123    012345 123450 234501 345012 450123 501234    123450 234501 345012 450123 501234 012345    234501 345012 450123 501234 012345 123450
450123 501234 012345 123450 234501 345012    501234 012345 123450 234501 345012 450123    012345 123450 234501 345012 450123 501234    123450 234501 345012 450123 501234 012345    234501 345012 450123 501234 012345 123450    345012 450123 501234 012345 123450 234501
501234 012345 123450 234501 345012 450123    012345 123450 234501 345012 450123 501234    123450 234501 345012 450123 501234 012345    234501 345012 450123 501234 012345 123450    345012 450123 501234 012345 123450 234501    450123 501234 012345 123450 234501 345012

123450 234501 345012 450123 501234 012345    234501 345012 450123 501234 012345 123450    345012 450123 501234 012345 123450 234501    450123 501234 012345 123450 234501 345012    501234 012345 123450 234501 345012 450123    012345 123450 234501 345012 450123 501234
234501 345012 450123 501234 012345 123450    345012 450123 501234 012345 123450 234501    450123 501234 012345 123450 234501 345012    501234 012345 123450 234501 345012 450123    012345 123450 234501 345012 450123 501234    123450 234501 345012 450123 501234 012345
345012 450123 501234 012345 123450 234501    450123 501234 012345 123450 234501 345012    501234 012345 123450 234501 345012 450123    012345 123450 234501 345012 450123 501234    123450 234501 345012 450123 501234 012345    234501 345012 450123 501234 012345 123450
450123 501234 012345 123450 234501 345012    501234 012345 123450 234501 345012 450123    012345 123450 234501 345012 450123 501234    123450 234501 345012 450123 501234 012345    234501 345012 450123 501234 012345 123450    345012 450123 501234 012345 123450 234501
501234 012345 123450 234501 345012 450123    012345 123450 234501 345012 450123 501234    123450 234501 345012 450123 501234 012345    234501 345012 450123 501234 012345 123450    345012 450123 501234 012345 123450 234501    450123 501234 012345 123450 234501 345012
012345 123450 234501 345012 450123 501234    123450 234501 345012 450123 501234 012345    234501 345012 450123 501234 012345 123450    345012 450123 501234 012345 123450 234501    450123 501234 012345 123450 234501 345012    501234 012345 123450 234501 345012 450123

234501 345012 450123 501234 012345 123450    345012 450123 501234 012345 123450 234501    450123 501234 012345 123450 234501 345012    501234 012345 123450 234501 345012 450123    012345 123450 234501 345012 450123 501234    123450 234501 345012 450123 501234 012345
345012 450123 501234 012345 123450 234501    450123 501234 012345 123450 234501 345012    501234 012345 123450 234501 345012 450123    012345 123450 234501 345012 450123 501234    123450 234501 345012 450123 501234 012345    234501 345012 450123 501234 012345 123450
450123 501234 012345 123450 234501 345012    501234 012345 123450 234501 345012 450123    012345 123450 234501 345012 450123 501234    123450 234501 345012 450123 501234 012345    234501 345012 450123 501234 012345 123450    345012 450123 501234 012345 123450 234501
501234 012345 123450 234501 345012 450123    012345 123450 234501 345012 450123 501234    123450 234501 345012 450123 501234 012345    234501 345012 450123 501234 012345 123450    345012 450123 501234 012345 123450 234501    450123 501234 012345 123450 234501 345012
012345 123450 234501 345012 450123 501234    123450 234501 345012 450123 501234 012345    234501 345012 450123 501234 012345 123450    345012 450123 501234 012345 123450 234501    450123 501234 012345 123450 234501 345012    501234 012345 123450 234501 345012 450123
123450 234501 345012 450123 501234 012345    234501 345012 450123 501234 012345 123450    345012 450123 501234 012345 123450 234501    450123 501234 012345 123450 234501 345012    501234 012345 123450 234501 345012 450123    012345 123450 234501 345012 450123 501234

345012 450123 501234 012345 123450 234501    450123 501234 012345 123450 234501 345012    501234 012345 123450 234501 345012 450123    012345 123450 234501 345012 450123 501234    123450 234501 345012 450123 501234 012345    234501 345012 450123 501234 012345 123450
450123 501234 012345 123450 234501 345012    501234 012345 123450 234501 345012 450123    012345 123450 234501 345012 450123 501234    123450 234501 345012 450123 501234 012345    234501 345012 450123 501234 012345 123450    345012 450123 501234 012345 123450 234501
501234 012345 123450 234501 345012 450123    012345 123450 234501 345012 450123 501234    123450 234501 345012 450123 501234 012345    234501 345012 450123 501234 012345 123450    345012 450123 501234 012345 123450 234501    450123 501234 012345 123450 234501 345012
012345 123450 234501 345012 450123 501234    123450 234501 345012 450123 501234 012345    234501 345012 450123 501234 012345 123450    345012 450123 501234 012345 123450 234501    450123 501234 012345 123450 234501 345012    501234 012345 123450 234501 345012 450123
123450 234501 345012 450123 501234 012345    234501 345012 450123 501234 012345 123450    345012 450123 501234 012345 123450 234501    450123 501234 012345 123450 234501 345012    501234 012345 123450 234501 345012 450123    012345 123450 234501 345012 450123 501234
234501 345012 450123 501234 012345 123450    345012 450123 501234 012345 123450 234501    450123 501234 012345 123450 234501 345012    501234 012345 123450 234501 345012 450123    012345 123450 234501 345012 450123 501234    123450 234501 345012 450123 501234 012345

450123 501234 012345 123450 234501 345012    501234 012345 123450 234501 345012 450123    012345 123450 234501 345012 450123 501234    123450 234501 345012 450123 501234 012345    234501 345012 450123 501234 012345 123450    345012 450123 501234 012345 123450 234501
501234 012345 123450 234501 345012 450123    012345 123450 234501 345012 450123 501234    123450 234501 345012 450123 501234 012345    234501 345012 450123 501234 012345 123450    345012 450123 501234 012345 123450 234501    450123 501234 012345 123450 234501 345012
012345 123450 234501 345012 450123 501234    123450 234501 345012 450123 501234 012345    234501 345012 450123 501234 012345 123450    345012 450123 501234 012345 123450 234501    450123 501234 012345 123450 234501 345012    501234 012345 123450 234501 345012 450123
123450 234501 345012 450123 501234 012345    234501 345012 450123 501234 012345 123450    345012 450123 501234 012345 123450 234501    450123 501234 012345 123450 234501 345012    501234 012345 123450 234501 345012 450123    012345 123450 234501 345012 450123 501234
234501 345012 450123 501234 012345 123450    345012 450123 501234 012345 123450 234501    450123 501234 012345 123450 234501 345012    501234 012345 123450 234501 345012 450123    012345 123450 234501 345012 450123 501234    123450 234501 345012 450123 501234 012345
345012 450123 501234 012345 123450 234501    450123 501234 012345 123450 234501 345012    501234 012345 123450 234501 345012 450123    012345 123450 234501 345012 450123 501234    123450 234501 345012 450123 501234 012345    234501 345012 450123 501234 012345 123450
