[cata@aspire xor]$ ./pretty-print-all 32 5
         0     1     2     3     4     5     6     7     8     9    10    11    12    13    14    15    16    17    18    19    20    21    22    23    24    25    26    27    28    29    30    31
 0   00000 00001 00010 00011 00100 00101 00110 00111 01000 01001 01010 01011 01100 01101 01110 01111 10000 10001 10010 10011 10100 10101 10110 10111 11000 11001 11010 11011 11100 11101 11110 11111
 1   00000 00001 00011 00000 00100 00001 00111 00000 01000 00001 01011 00000 01100 00001 01111 00000 10000 00001 10011 00000 10100 00001 10111 00000 11000 00001 11011 00000 11100 00001 11111 00000
 2   00000 00001 00010 00010 00110 00111 00000 00000 01000 01001 00010 00010 01110 01111 00000 00000 10000 10001 00010 00010 10110 10111 00000 00000 11000 11001 00010 00010 11110 11111 00000 00000
 3   00000 00001 00011 00001 00111 00000 00000 00000 01000 00001 00011 00001 01111 00000 00000 00000 10000 00001 00011 00001 10111 00000 00000 00000 11000 00001 00011 00001 11111 00000 00000 00000
 4   00000 00001 00010 00011 00100 00100 00100 00100 01100 01101 01110 01111 00000 00000 00000 00000 10000 10001 10010 10011 00100 00100 00100 00100 11100 11101 11110 11111 00000 00000 00000 00000
 5   00000 00001 00011 00000 00100 00000 00100 00000 01100 00001 01111 00000 00000 00000 00000 00000 10000 00001 10011 00000 00100 00000 00100 00000 11100 00001 11111 00000 00000 00000 00000 00000
 6   00000 00001 00010 00010 00110 00110 00010 00010 01110 01111 00000 00000 00000 00000 00000 00000 10000 10001 00010 00010 00110 00110 00010 00010 11110 11111 00000 00000 00000 00000 00000 00000
 7   00000 00001 00011 00001 00111 00001 00011 00001 01111 00000 00000 00000 00000 00000 00000 00000 10000 00001 00011 00001 00111 00001 00011 00001 11111 00000 00000 00000 00000 00000 00000 00000
 8   00000 00001 00010 00011 00100 00101 00110 00111 01000 01000 01000 01000 01000 01000 01000 01000 11000 11001 11010 11011 11100 11101 11110 11111 00000 00000 00000 00000 00000 00000 00000 00000
 9   00000 00001 00011 00000 00100 00001 00111 00000 01000 00000 01000 00000 01000 00000 01000 00000 11000 00001 11011 00000 11100 00001 11111 00000 00000 00000 00000 00000 00000 00000 00000 00000
10   00000 00001 00010 00010 00110 00111 00000 00000 01000 01000 00000 00000 01000 01000 00000 00000 11000 11001 00010 00010 11110 11111 00000 00000 00000 00000 00000 00000 00000 00000 00000 00000
11   00000 00001 00011 00001 00111 00000 00000 00000 01000 00000 00000 00000 01000 00000 00000 00000 11000 00001 00011 00001 11111 00000 00000 00000 00000 00000 00000 00000 00000 00000 00000 00000
12   00000 00001 00010 00011 00100 00100 00100 00100 01100 01100 01100 01100 00100 00100 00100 00100 11100 11101 11110 11111 00000 00000 00000 00000 00000 00000 00000 00000 00000 00000 00000 00000
13   00000 00001 00011 00000 00100 00000 00100 00000 01100 00000 01100 00000 00100 00000 00100 00000 11100 00001 11111 00000 00000 00000 00000 00000 00000 00000 00000 00000 00000 00000 00000 00000
14   00000 00001 00010 00010 00110 00110 00010 00010 01110 01110 00010 00010 00110 00110 00010 00010 11110 11111 00000 00000 00000 00000 00000 00000 00000 00000 00000 00000 00000 00000 00000 00000
15   00000 00001 00011 00001 00111 00001 00011 00001 01111 00001 00011 00001 00111 00001 00011 00001 11111 00000 00000 00000 00000 00000 00000 00000 00000 00000 00000 00000 00000 00000 00000 00000
16   00000 00001 00010 00011 00100 00101 00110 00111 01000 01001 01010 01011 01100 01101 01110 01111 10000 10000 10000 10000 10000 10000 10000 10000 10000 10000 10000 10000 10000 10000 10000 10000
17   00000 00001 00011 00000 00100 00001 00111 00000 01000 00001 01011 00000 01100 00001 01111 00000 10000 00000 10000 00000 10000 00000 10000 00000 10000 00000 10000 00000 10000 00000 10000 00000
18   00000 00001 00010 00010 00110 00111 00000 00000 01000 01001 00010 00010 01110 01111 00000 00000 10000 10000 00000 00000 10000 10000 00000 00000 10000 10000 00000 00000 10000 10000 00000 00000
19   00000 00001 00011 00001 00111 00000 00000 00000 01000 00001 00011 00001 01111 00000 00000 00000 10000 00000 00000 00000 10000 00000 00000 00000 10000 00000 00000 00000 10000 00000 00000 00000
20   00000 00001 00010 00011 00100 00100 00100 00100 01100 01101 01110 01111 00000 00000 00000 00000 10000 10000 10000 10000 00000 00000 00000 00000 10000 10000 10000 10000 00000 00000 00000 00000
21   00000 00001 00011 00000 00100 00000 00100 00000 01100 00001 01111 00000 00000 00000 00000 00000 10000 00000 10000 00000 00000 00000 00000 00000 10000 00000 10000 00000 00000 00000 00000 00000
22   00000 00001 00010 00010 00110 00110 00010 00010 01110 01111 00000 00000 00000 00000 00000 00000 10000 10000 00000 00000 00000 00000 00000 00000 10000 10000 00000 00000 00000 00000 00000 00000
23   00000 00001 00011 00001 00111 00001 00011 00001 01111 00000 00000 00000 00000 00000 00000 00000 10000 00000 00000 00000 00000 00000 00000 00000 10000 00000 00000 00000 00000 00000 00000 00000
24   00000 00001 00010 00011 00100 00101 00110 00111 01000 01000 01000 01000 01000 01000 01000 01000 11000 11000 11000 11000 11000 11000 11000 11000 01000 01000 01000 01000 01000 01000 01000 01000
25   00000 00001 00011 00000 00100 00001 00111 00000 01000 00000 01000 00000 01000 00000 01000 00000 11000 00000 11000 00000 11000 00000 11000 00000 01000 00000 01000 00000 01000 00000 01000 00000
26   00000 00001 00010 00010 00110 00111 00000 00000 01000 01000 00000 00000 01000 01000 00000 00000 11000 11000 00000 00000 11000 11000 00000 00000 01000 01000 00000 00000 01000 01000 00000 00000
27   00000 00001 00011 00001 00111 00000 00000 00000 01000 00000 00000 00000 01000 00000 00000 00000 11000 00000 00000 00000 11000 00000 00000 00000 01000 00000 00000 00000 01000 00000 00000 00000
28   00000 00001 00010 00011 00100 00100 00100 00100 01100 01100 01100 01100 00100 00100 00100 00100 11100 11100 11100 11100 00100 00100 00100 00100 01100 01100 01100 01100 00100 00100 00100 00100
29   00000 00001 00011 00000 00100 00000 00100 00000 01100 00000 01100 00000 00100 00000 00100 00000 11100 00000 11100 00000 00100 00000 00100 00000 01100 00000 01100 00000 00100 00000 00100 00000
30   00000 00001 00010 00010 00110 00110 00010 00010 01110 01110 00010 00010 00110 00110 00010 00010 11110 11110 00010 00010 00110 00110 00010 00010 01110 01110 00010 00010 00110 00110 00010 00010
31   00000 00001 00011 00001 00111 00001 00011 00001 01111 00001 00011 00001 00111 00001 00011 00001 11111 00001 00011 00001 00111 00001 00011 00001 01111 00001 00011 00001 00111 00001 00011 00001
